URL	chrom://arspawyn4ahlab1/ChromeleonLocal/Instrument Data/ICS3000/2025_Feb 11.seq/440.smp/ED_1.channel/ED_1.chm
Channel	ED_1

Injection Information:
Data Vault	ChromeleonLocal
Sequence	2025_Feb 11
Name	a-D-Glucose 10 ug/mL
Number	1
Position	RA1
Comment	
Processing Method	Quantitative
Instrument Method	Neutral Oligosaccharides V ICS 3000
Type	Unknown
Status	Finished
Inject Time	2/11/2025 12:48:25 PM -05:00
Volume (µl)	25.0000
Dilution Factor	1.0000
Weight	1.0000

Chromatogram Data Information:
Time Min. (min)	0.000000
Time Max. (min)	14.825000
Data Points	1780
Detector	EDet1
Generating Data System	Chromeleon 7.3.0.60919
Exporting Data System	Chromeleon 7.3.0.0
Operator	Instrument Controller
Signal Quantity	
Signal Unit	nC
Signal Min.	-2.320300
Signal Max.	36.657251
Channel	ED_1
Driver Name	DC-3000
Channel Type	Evaluation
Min. Step (s)	0.5
Max. Step (s)	0.5
Average Step (s)	0.5

Signal Parameter Information:
Signal Info	

Chromatogram Data:
Time (min)	Step (s)	Value (nC)
0.000000	n.a.	0.013050
0.008333	0.5	-0.000850
0.016667	0.5	-0.009150
0.025000	0.5	-0.015600
0.033333	0.5	-0.016650
0.041667	0.5	-0.018900
0.050000	0.5	-0.015750
0.058333	0.5	-0.015650
0.066667	0.5	-0.012000
0.075000	0.5	-0.005650
0.083333	0.5	-0.021900
0.091667	0.5	-0.037750
0.100000	0.5	-0.039100
0.108333	0.5	-0.038250
0.116667	0.5	-0.037200
0.125000	0.5	-0.033550
0.133333	0.5	-0.029600
0.141667	0.5	-0.026550
0.150000	0.5	-0.021000
0.158333	0.5	-0.025400
0.166667	0.5	-0.014800
0.175000	0.5	-0.025450
0.183333	0.5	-0.042300
0.191667	0.5	-0.050700
0.200000	0.5	-0.050600
0.208333	0.5	-0.048800
0.216667	0.5	-0.046350
0.225000	0.5	-0.042850
0.233333	0.5	-0.040400
0.241667	0.5	-0.039450
0.250000	0.5	-0.036050
0.258333	0.5	-0.034750
0.266667	0.5	-0.029450
0.275000	0.5	-0.046700
0.283333	0.5	-0.060550
0.291667	0.5	-0.063000
0.300000	0.5	-0.060500
0.308333	0.5	-0.059500
0.316667	0.5	-0.057700
0.325000	0.5	-0.051400
0.333333	0.5	-0.049750
0.341667	0.5	-0.048050
0.350000	0.5	-0.051750
0.358333	0.5	-0.039300
0.366667	0.5	-0.049250
0.375000	0.5	-0.065850
0.383333	0.5	-0.073400
0.391667	0.5	-0.074200
0.400000	0.5	-0.073700
0.408333	0.5	-0.070900
0.416667	0.5	-0.065900
0.425000	0.5	-0.060800
0.433333	0.5	-0.055950
0.441667	0.5	-0.054100
0.450000	0.5	-0.054600
0.458333	0.5	-0.050600
0.466667	0.5	-0.067450
0.475000	0.5	-0.081750
0.483333	0.5	-0.082450
0.491667	0.5	-0.081650
0.500000	0.5	-0.079550
0.508333	0.5	-0.076750
0.516667	0.5	-0.073950
0.525000	0.5	-0.072150
0.533333	0.5	-0.066550
0.541667	0.5	-0.071450
0.550000	0.5	-0.059350
0.558333	0.5	-0.070050
0.566667	0.5	-0.086300
0.575000	0.5	-0.092700
0.583333	0.5	-0.093200
0.591667	0.5	-0.093450
0.600000	0.5	-0.090450
0.608333	0.5	-0.086150
0.616667	0.5	-0.081300
0.625000	0.5	-0.074600
0.633333	0.5	-0.076250
0.641667	0.5	-0.074650
0.650000	0.5	-0.069000
0.658333	0.5	-0.089150
0.666667	0.5	-0.104150
0.675000	0.5	-0.104650
0.683333	0.5	-0.104950
0.691667	0.5	-0.100450
0.700000	0.5	-0.097650
0.708333	0.5	-0.094100
0.716667	0.5	-0.093150
0.725000	0.5	-0.086700
0.733333	0.5	-0.092400
0.741667	0.5	-0.080100
0.750000	0.5	-0.090750
0.758333	0.5	-0.106650
0.766667	0.5	-0.114900
0.775000	0.5	-0.113750
0.783333	0.5	-0.114050
0.791667	0.5	-0.112550
0.800000	0.5	-0.108100
0.808333	0.5	-0.107900
0.816667	0.5	-0.104250
0.825000	0.5	-0.104450
0.833333	0.5	-0.100250
0.841667	0.5	-0.096500
0.850000	0.5	-0.115450
0.858333	0.5	-0.129450
0.866667	0.5	-0.131850
0.875000	0.5	-0.132200
0.883333	0.5	-0.129850
0.891667	0.5	-0.127250
0.900000	0.5	-0.122800
0.908333	0.5	-0.119750
0.916667	0.5	-0.115650
0.925000	0.5	-0.124550
0.933333	0.5	-0.112950
0.941667	0.5	-0.123750
0.950000	0.5	-0.142200
0.958333	0.5	-0.149050
0.966667	0.5	-0.149250
0.975000	0.5	-0.147800
0.983333	0.5	-0.148350
0.991667	0.5	-0.145600
1.000000	0.5	-0.140000
1.008333	0.5	-0.138350
1.016667	0.5	-0.139850
1.025000	0.5	-0.138750
1.033333	0.5	-0.136700
1.041667	0.5	-0.156050
1.050000	0.5	-0.173800
1.058333	0.5	-0.175150
1.066667	0.5	-0.176800
1.075000	0.5	-0.176250
1.083333	0.5	-0.174100
1.091667	0.5	-0.172300
1.100000	0.5	-0.171850
1.108333	0.5	-0.169250
1.116667	0.5	-0.176400
1.125000	0.5	-0.164800
1.133333	0.5	-0.179550
1.141667	0.5	-0.198050
1.150000	0.5	-0.207200
1.158333	0.5	-0.209200
1.166667	0.5	-0.213450
1.175000	0.5	-0.211450
1.183333	0.5	-0.209900
1.191667	0.5	-0.207800
1.200000	0.5	-0.206500
1.208333	0.5	-0.211100
1.216667	0.5	-0.210900
1.225000	0.5	-0.212450
1.233333	0.5	-0.233200
1.241667	0.5	-0.251800
1.250000	0.5	-0.254800
1.258333	0.5	-0.258750
1.266667	0.5	-0.261000
1.275000	0.5	-0.263400
1.283333	0.5	-0.261550
1.291667	0.5	-0.263300
1.300000	0.5	-0.264700
1.308333	0.5	-0.274750
1.316667	0.5	-0.266200
1.325000	0.5	-0.284050
1.333333	0.5	-0.305400
1.341667	0.5	-0.319300
1.350000	0.5	-0.323150
1.358333	0.5	-0.328700
1.366667	0.5	-0.332200
1.375000	0.5	-0.334300
1.383333	0.5	-0.337150
1.391667	0.5	-0.337500
1.400000	0.5	-0.345700
1.408333	0.5	-0.349750
1.416667	0.5	-0.354550
1.425000	0.5	-0.379200
1.433333	0.5	-0.401050
1.441667	0.5	-0.409050
1.450000	0.5	-0.418300
1.458333	0.5	-0.425300
1.466667	0.5	-0.430250
1.475000	0.5	-0.434250
1.483333	0.5	-0.439750
1.491667	0.5	-0.444750
1.500000	0.5	-0.458200
1.508333	0.5	-0.456750
1.516667	0.5	-0.479150
1.525000	0.5	-0.504550
1.533333	0.5	-0.523950
1.541667	0.5	-0.533000
1.550000	0.5	-0.543350
1.558333	0.5	-0.550700
1.566667	0.5	-0.558400
1.575000	0.5	-0.566550
1.583333	0.5	-0.571600
1.591667	0.5	-0.586050
1.600000	0.5	-0.596300
1.608333	0.5	-0.607450
1.616667	0.5	-0.636900
1.625000	0.5	-0.663300
1.633333	0.5	-0.677600
1.641667	0.5	-0.690950
1.650000	0.5	-0.702850
1.658333	0.5	-0.713700
1.666667	0.5	-0.725400
1.675000	0.5	-0.736700
1.683333	0.5	-0.747450
1.691667	0.5	-0.779000
1.700000	0.5	-0.812950
1.708333	0.5	-0.909300
1.716667	0.5	-1.051450
1.725000	0.5	-1.198050
1.733333	0.5	-1.286050
1.741667	0.5	-1.263950
1.750000	0.5	-1.138100
1.758333	0.5	-0.998050
1.766667	0.5	-0.928450
1.775000	0.5	-0.929300
1.783333	0.5	-0.972800
1.791667	0.5	-1.015450
1.800000	0.5	-1.053850
1.808333	0.5	-1.102900
1.816667	0.5	-1.146350
1.825000	0.5	-1.173600
1.833333	0.5	-1.196450
1.841667	0.5	-1.215900
1.850000	0.5	-1.229700
1.858333	0.5	-1.244000
1.866667	0.5	-1.254750
1.875000	0.5	-1.261100
1.883333	0.5	-1.278700
1.891667	0.5	-1.279350
1.900000	0.5	-1.304950
1.908333	0.5	-1.334000
1.916667	0.5	-1.354350
1.925000	0.5	-1.367500
1.933333	0.5	-1.382350
1.941667	0.5	-1.393500
1.950000	0.5	-1.405400
1.958333	0.5	-1.418600
1.966667	0.5	-1.433800
1.975000	0.5	-1.451750
1.983333	0.5	-1.462250
1.991667	0.5	-1.477300
2.000000	0.5	-1.509800
2.008333	0.5	-1.541050
2.016667	0.5	-1.557500
2.025000	0.5	-1.575050
2.033333	0.5	-1.590800
2.041667	0.5	-1.605850
2.050000	0.5	-1.620850
2.058333	0.5	-1.636750
2.066667	0.5	-1.651650
2.075000	0.5	-1.674300
2.083333	0.5	-1.680100
2.091667	0.5	-1.710050
2.100000	0.5	-1.744250
2.108333	0.5	-1.769750
2.116667	0.5	-1.787350
2.125000	0.5	-1.802750
2.133333	0.5	-1.819300
2.141667	0.5	-1.831200
2.150000	0.5	-1.844450
2.158333	0.5	-1.853950
2.166667	0.5	-1.872000
2.175000	0.5	-1.883300
2.183333	0.5	-1.899250
2.191667	0.5	-1.933700
2.200000	0.5	-1.963650
2.208333	0.5	-1.978050
2.216667	0.5	-1.991950
2.225000	0.5	-2.004750
2.233333	0.5	-2.013700
2.241667	0.5	-2.025000
2.250000	0.5	-2.034350
2.258333	0.5	-2.045350
2.266667	0.5	-2.063450
2.275000	0.5	-2.064400
2.283333	0.5	-2.089000
2.291667	0.5	-2.118000
2.300000	0.5	-2.136800
2.308333	0.5	-2.148950
2.316667	0.5	-2.158900
2.325000	0.5	-2.166850
2.333333	0.5	-2.172550
2.341667	0.5	-2.178850
2.350000	0.5	-2.179350
2.358333	0.5	-2.190700
2.366667	0.5	-2.193350
2.375000	0.5	-2.203800
2.383333	0.5	-2.229250
2.391667	0.5	-2.250600
2.400000	0.5	-2.258750
2.408333	0.5	-2.266600
2.416667	0.5	-2.268850
2.425000	0.5	-2.270150
2.433333	0.5	-2.271750
2.441667	0.5	-2.274700
2.450000	0.5	-2.274700
2.458333	0.5	-2.283200
2.466667	0.5	-2.274550
2.475000	0.5	-2.290150
2.483333	0.5	-2.307800
2.491667	0.5	-2.314400
2.500000	0.5	-2.311650
2.508333	0.5	-2.310200
2.516667	0.5	-2.306300
2.525000	0.5	-2.300800
2.533333	0.5	-2.301800
2.541667	0.5	-2.298900
2.550000	0.5	-2.299950
2.558333	0.5	-2.291900
2.566667	0.5	-2.291800
2.575000	0.5	-2.306200
2.583333	0.5	-2.318300
2.591667	0.5	-2.320300
2.600000	0.5	-2.318000
2.608333	0.5	-2.314100
2.616667	0.5	-2.306450
2.625000	0.5	-2.298100
2.633333	0.5	-2.290400
2.641667	0.5	-2.281000
2.650000	0.5	-2.282400
2.658333	0.5	-2.265500
2.666667	0.5	-2.274800
2.675000	0.5	-2.285600
2.683333	0.5	-2.284750
2.691667	0.5	-2.276400
2.700000	0.5	-2.268100
2.708333	0.5	-2.258450
2.716667	0.5	-2.246900
2.725000	0.5	-2.231300
2.733333	0.5	-2.216950
2.741667	0.5	-2.211850
2.750000	0.5	-2.196000
2.758333	0.5	-2.188550
2.766667	0.5	-2.196450
2.775000	0.5	-2.198350
2.783333	0.5	-2.188350
2.791667	0.5	-2.180700
2.800000	0.5	-2.166050
2.808333	0.5	-2.150900
2.816667	0.5	-2.134400
2.825000	0.5	-2.110050
2.833333	0.5	-2.092300
2.841667	0.5	-2.080750
2.850000	0.5	-2.049600
2.858333	0.5	-2.039500
2.866667	0.5	-2.029950
2.875000	0.5	-2.004950
2.883333	0.5	-1.973450
2.891667	0.5	-1.941800
2.900000	0.5	-1.913900
2.908333	0.5	-1.886500
2.916667	0.5	-1.863400
2.925000	0.5	-1.844550
2.933333	0.5	-1.839050
2.941667	0.5	-1.826650
2.950000	0.5	-1.823700
2.958333	0.5	-1.835500
2.966667	0.5	-1.843650
2.975000	0.5	-1.835600
2.983333	0.5	-1.831350
2.991667	0.5	-1.821000
3.000000	0.5	-1.809450
3.008333	0.5	-1.796600
3.016667	0.5	-1.783050
3.025000	0.5	-1.769700
3.033333	0.5	-1.760250
3.041667	0.5	-1.737400
3.050000	0.5	-1.740400
3.058333	0.5	-1.744600
3.066667	0.5	-1.737950
3.075000	0.5	-1.722850
3.083333	0.5	-1.707500
3.091667	0.5	-1.690150
3.100000	0.5	-1.671900
3.108333	0.5	-1.652650
3.116667	0.5	-1.629500
3.125000	0.5	-1.620300
3.133333	0.5	-1.600850
3.141667	0.5	-1.588750
3.150000	0.5	-1.591600
3.158333	0.5	-1.589900
3.166667	0.5	-1.573700
3.175000	0.5	-1.558800
3.183333	0.5	-1.543050
3.191667	0.5	-1.524050
3.200000	0.5	-1.507100
3.208333	0.5	-1.486250
3.216667	0.5	-1.469250
3.225000	0.5	-1.457200
3.233333	0.5	-1.433150
3.241667	0.5	-1.432850
3.250000	0.5	-1.433400
3.258333	0.5	-1.424250
3.266667	0.5	-1.406800
3.275000	0.5	-1.393400
3.283333	0.5	-1.375800
3.291667	0.5	-1.355450
3.300000	0.5	-1.336800
3.308333	0.5	-1.314600
3.316667	0.5	-1.307700
3.325000	0.5	-1.285400
3.333333	0.5	-1.275000
3.341667	0.5	-1.279300
3.350000	0.5	-1.276000
3.358333	0.5	-1.265150
3.366667	0.5	-1.250550
3.375000	0.5	-1.235450
3.383333	0.5	-1.218850
3.391667	0.5	-1.200400
3.400000	0.5	-1.179700
3.408333	0.5	-1.162900
3.416667	0.5	-1.155600
3.425000	0.5	-1.134100
3.433333	0.5	-1.136600
3.441667	0.5	-1.141200
3.450000	0.5	-1.133850
3.458333	0.5	-1.118000
3.466667	0.5	-1.109600
3.475000	0.5	-1.094600
3.483333	0.5	-1.079150
3.491667	0.5	-1.061150
3.500000	0.5	-1.042850
3.508333	0.5	-1.038950
3.516667	0.5	-1.020100
3.525000	0.5	-1.014350
3.533333	0.5	-1.021050
3.541667	0.5	-1.023150
3.550000	0.5	-1.012700
3.558333	0.5	-1.001050
3.566667	0.5	-0.987500
3.575000	0.5	-0.974150
3.583333	0.5	-0.959200
3.591667	0.5	-0.945000
3.600000	0.5	-0.931900
3.608333	0.5	-0.926800
3.616667	0.5	-0.908450
3.625000	0.5	-0.914550
3.633333	0.5	-0.921800
3.641667	0.5	-0.918650
3.650000	0.5	-0.906750
3.658333	0.5	-0.897900
3.666667	0.5	-0.888200
3.675000	0.5	-0.875100
3.683333	0.5	-0.864050
3.691667	0.5	-0.848800
3.700000	0.5	-0.844450
3.708333	0.5	-0.828900
3.716667	0.5	-0.825700
3.725000	0.5	-0.835300
3.733333	0.5	-0.841100
3.741667	0.5	-0.832800
3.750000	0.5	-0.827250
3.758333	0.5	-0.817350
3.766667	0.5	-0.808550
3.775000	0.5	-0.795500
3.783333	0.5	-0.781250
3.791667	0.5	-0.774800
3.800000	0.5	-0.771900
3.808333	0.5	-0.756800
3.816667	0.5	-0.766750
3.825000	0.5	-0.777600
3.833333	0.5	-0.774750
3.841667	0.5	-0.769300
3.850000	0.5	-0.762000
3.858333	0.5	-0.750500
3.866667	0.5	-0.742750
3.875000	0.5	-0.732700
3.883333	0.5	-0.721500
3.891667	0.5	-0.721600
3.900000	0.5	-0.707350
3.908333	0.5	-0.708200
3.916667	0.5	-0.719050
3.925000	0.5	-0.726000
3.933333	0.5	-0.720100
3.941667	0.5	-0.715800
3.950000	0.5	-0.708750
3.958333	0.5	-0.699550
3.966667	0.5	-0.691000
3.975000	0.5	-0.681950
3.983333	0.5	-0.676250
3.991667	0.5	-0.674350
4.000000	0.5	-0.661700
4.008333	0.5	-0.673350
4.016667	0.5	-0.683450
4.025000	0.5	-0.684950
4.033333	0.5	-0.680700
4.041667	0.5	-0.673750
4.050000	0.5	-0.667200
4.058333	0.5	-0.656850
4.066667	0.5	-0.651850
4.075000	0.5	-0.640200
4.083333	0.5	-0.643450
4.091667	0.5	-0.630750
4.100000	0.5	-0.631850
4.108333	0.5	-0.643750
4.116667	0.5	-0.652250
4.125000	0.5	-0.647550
4.133333	0.5	-0.644750
4.141667	0.5	-0.638750
4.150000	0.5	-0.632000
4.158333	0.5	-0.625100
4.166667	0.5	-0.619150
4.175000	0.5	-0.613100
4.183333	0.5	-0.612050
4.191667	0.5	-0.599100
4.200000	0.5	-0.612500
4.208333	0.5	-0.623450
4.216667	0.5	-0.624850
4.225000	0.5	-0.621100
4.233333	0.5	-0.617050
4.241667	0.5	-0.611600
4.250000	0.5	-0.603050
4.258333	0.5	-0.595300
4.266667	0.5	-0.587850
4.275000	0.5	-0.592150
4.283333	0.5	-0.580850
4.291667	0.5	-0.583200
4.300000	0.5	-0.597000
4.308333	0.5	-0.604100
4.316667	0.5	-0.601400
4.325000	0.5	-0.599300
4.333333	0.5	-0.595550
4.341667	0.5	-0.588750
4.350000	0.5	-0.579700
4.358333	0.5	-0.569650
4.366667	0.5	-0.566150
4.375000	0.5	-0.564650
4.383333	0.5	-0.557700
4.391667	0.5	-0.571400
4.400000	0.5	-0.586050
4.408333	0.5	-0.585950
4.416667	0.5	-0.581850
4.425000	0.5	-0.578750
4.433333	0.5	-0.573500
4.441667	0.5	-0.567650
4.450000	0.5	-0.559100
4.458333	0.5	-0.553000
4.466667	0.5	-0.557300
4.475000	0.5	-0.546250
4.483333	0.5	-0.550050
4.491667	0.5	-0.563250
4.500000	0.5	-0.572600
4.508333	0.5	-0.571550
4.516667	0.5	-0.568500
4.525000	0.5	-0.563350
4.533333	0.5	-0.558250
4.541667	0.5	-0.551000
4.550000	0.5	-0.541150
4.558333	0.5	-0.537650
4.566667	0.5	-0.535600
4.575000	0.5	-0.531300
4.583333	0.5	-0.544450
4.591667	0.5	-0.555700
4.600000	0.5	-0.556200
4.608333	0.5	-0.554500
4.616667	0.5	-0.551200
4.625000	0.5	-0.545050
4.633333	0.5	-0.538650
4.641667	0.5	-0.531150
4.650000	0.5	-0.526150
4.658333	0.5	-0.527200
4.666667	0.5	-0.517650
4.675000	0.5	-0.522050
4.683333	0.5	-0.537350
4.691667	0.5	-0.545450
4.700000	0.5	-0.543300
4.708333	0.5	-0.541800
4.716667	0.5	-0.536650
4.725000	0.5	-0.532300
4.733333	0.5	-0.525400
4.741667	0.5	-0.516400
4.750000	0.5	-0.514000
4.758333	0.5	-0.513150
4.766667	0.5	-0.504550
4.775000	0.5	-0.519650
4.783333	0.5	-0.534050
4.791667	0.5	-0.535300
4.800000	0.5	-0.532500
4.808333	0.5	-0.528900
4.816667	0.5	-0.524900
4.825000	0.5	-0.519550
4.833333	0.5	-0.510400
4.841667	0.5	-0.503900
4.850000	0.5	-0.509850
4.858333	0.5	-0.497800
4.866667	0.5	-0.503250
4.875000	0.5	-0.518300
4.883333	0.5	-0.525600
4.891667	0.5	-0.525050
4.900000	0.5	-0.522000
4.908333	0.5	-0.518300
4.916667	0.5	-0.513050
4.925000	0.5	-0.508900
4.933333	0.5	-0.502950
4.941667	0.5	-0.500600
4.950000	0.5	-0.498550
4.958333	0.5	-0.490550
4.966667	0.5	-0.504050
4.975000	0.5	-0.518050
4.983333	0.5	-0.519400
4.991667	0.5	-0.516600
5.000000	0.5	-0.512800
5.008333	0.5	-0.509400
5.016667	0.5	-0.501700
5.025000	0.5	-0.497300
5.033333	0.5	-0.486650
5.041667	0.5	-0.491750
5.050000	0.5	-0.479900
5.058333	0.5	-0.485250
5.066667	0.5	-0.500250
5.075000	0.5	-0.508750
5.083333	0.5	-0.506650
5.091667	0.5	-0.505400
5.100000	0.5	-0.498000
5.108333	0.5	-0.494150
5.116667	0.5	-0.485950
5.125000	0.5	-0.478450
5.133333	0.5	-0.478550
5.141667	0.5	-0.477700
5.150000	0.5	-0.469750
5.158333	0.5	-0.482550
5.166667	0.5	-0.497350
5.175000	0.5	-0.497000
5.183333	0.5	-0.495300
5.191667	0.5	-0.491050
5.200000	0.5	-0.487200
5.208333	0.5	-0.483200
5.216667	0.5	-0.474600
5.225000	0.5	-0.468400
5.233333	0.5	-0.470700
5.241667	0.5	-0.460200
5.250000	0.5	-0.466350
5.258333	0.5	-0.478650
5.266667	0.5	-0.488950
5.275000	0.5	-0.486650
5.283333	0.5	-0.483800
5.291667	0.5	-0.481800
5.300000	0.5	-0.474300
5.308333	0.5	-0.464100
5.316667	0.5	-0.459850
5.325000	0.5	-0.454550
5.333333	0.5	-0.454400
5.341667	0.5	-0.447050
5.350000	0.5	-0.463300
5.358333	0.5	-0.475400
5.366667	0.5	-0.475000
5.375000	0.5	-0.472550
5.383333	0.5	-0.469400
5.391667	0.5	-0.465600
5.400000	0.5	-0.459500
5.408333	0.5	-0.452400
5.416667	0.5	-0.448900
5.425000	0.5	-0.450750
5.433333	0.5	-0.439600
5.441667	0.5	-0.442300
5.450000	0.5	-0.456300
5.458333	0.5	-0.465200
5.466667	0.5	-0.462750
5.475000	0.5	-0.460250
5.483333	0.5	-0.457600
5.491667	0.5	-0.452900
5.500000	0.5	-0.445350
5.508333	0.5	-0.434400
5.516667	0.5	-0.432650
5.525000	0.5	-0.431550
5.533333	0.5	-0.427050
5.541667	0.5	-0.440450
5.550000	0.5	-0.453350
5.558333	0.5	-0.454150
5.566667	0.5	-0.448100
5.575000	0.5	-0.446200
5.583333	0.5	-0.440600
5.591667	0.5	-0.435850
5.600000	0.5	-0.429200
5.608333	0.5	-0.421450
5.616667	0.5	-0.425000
5.625000	0.5	-0.410850
5.633333	0.5	-0.419050
5.641667	0.5	-0.431550
5.650000	0.5	-0.439800
5.658333	0.5	-0.436350
5.666667	0.5	-0.434200
5.675000	0.5	-0.429300
5.683333	0.5	-0.424150
5.691667	0.5	-0.419250
5.700000	0.5	-0.408100
5.708333	0.5	-0.407750
5.716667	0.5	-0.404400
5.725000	0.5	-0.398900
5.733333	0.5	-0.413850
5.741667	0.5	-0.426800
5.750000	0.5	-0.427700
5.758333	0.5	-0.425200
5.766667	0.5	-0.422650
5.775000	0.5	-0.417100
5.783333	0.5	-0.410150
5.791667	0.5	-0.398200
5.800000	0.5	-0.390150
5.808333	0.5	-0.397600
5.816667	0.5	-0.387200
5.825000	0.5	-0.393700
5.833333	0.5	-0.406500
5.841667	0.5	-0.415050
5.850000	0.5	-0.410100
5.858333	0.5	-0.409350
5.866667	0.5	-0.406200
5.875000	0.5	-0.397600
5.883333	0.5	-0.390450
5.891667	0.5	-0.381950
5.900000	0.5	-0.382700
5.908333	0.5	-0.377500
5.916667	0.5	-0.372650
5.925000	0.5	-0.385900
5.933333	0.5	-0.396850
5.941667	0.5	-0.395450
5.950000	0.5	-0.394650
5.958333	0.5	-0.389800
5.966667	0.5	-0.385550
5.975000	0.5	-0.377700
5.983333	0.5	-0.369950
5.991667	0.5	-0.361650
6.000000	0.5	-0.366000
6.008333	0.5	-0.353150
6.016667	0.5	-0.359650
6.025000	0.5	-0.371950
6.033333	0.5	-0.380700
6.041667	0.5	-0.377150
6.050000	0.5	-0.374100
6.058333	0.5	-0.369150
6.066667	0.5	-0.362050
6.075000	0.5	-0.352550
6.083333	0.5	-0.343150
6.091667	0.5	-0.340700
6.100000	0.5	-0.337800
6.108333	0.5	-0.330650
6.116667	0.5	-0.343300
6.125000	0.5	-0.355800
6.133333	0.5	-0.354550
6.141667	0.5	-0.351400
6.150000	0.5	-0.345850
6.158333	0.5	-0.340900
6.166667	0.5	-0.333550
6.175000	0.5	-0.325300
6.183333	0.5	-0.319750
6.191667	0.5	-0.322250
6.200000	0.5	-0.308400
6.208333	0.5	-0.314100
6.216667	0.5	-0.328450
6.225000	0.5	-0.333150
6.233333	0.5	-0.329700
6.241667	0.5	-0.326600
6.250000	0.5	-0.320000
6.258333	0.5	-0.314650
6.266667	0.5	-0.305100
6.275000	0.5	-0.294850
6.283333	0.5	-0.294350
6.291667	0.5	-0.290500
6.300000	0.5	-0.284100
6.308333	0.5	-0.295900
6.316667	0.5	-0.309250
6.325000	0.5	-0.306200
6.333333	0.5	-0.304600
6.341667	0.5	-0.300000
6.350000	0.5	-0.293250
6.358333	0.5	-0.287450
6.366667	0.5	-0.281150
6.375000	0.5	-0.272400
6.383333	0.5	-0.275050
6.391667	0.5	-0.261400
6.400000	0.5	-0.265750
6.408333	0.5	-0.278500
6.416667	0.5	-0.286050
6.425000	0.5	-0.283800
6.433333	0.5	-0.280100
6.441667	0.5	-0.273050
6.450000	0.5	-0.267300
6.458333	0.5	-0.256950
6.466667	0.5	-0.246900
6.475000	0.5	-0.248300
6.483333	0.5	-0.245100
6.491667	0.5	-0.238100
6.500000	0.5	-0.252650
6.508333	0.5	-0.263250
6.516667	0.5	-0.263550
6.525000	0.5	-0.259150
6.533333	0.5	-0.255150
6.541667	0.5	-0.247950
6.550000	0.5	-0.242300
6.558333	0.5	-0.235750
6.566667	0.5	-0.225550
6.575000	0.5	-0.229200
6.583333	0.5	-0.217500
6.591667	0.5	-0.222550
6.600000	0.5	-0.235350
6.608333	0.5	-0.241150
6.616667	0.5	-0.235550
6.625000	0.5	-0.232400
6.633333	0.5	-0.228650
6.641667	0.5	-0.219900
6.650000	0.5	-0.214050
6.658333	0.5	-0.207550
6.666667	0.5	-0.206850
6.675000	0.5	-0.200050
6.683333	0.5	-0.200200
6.691667	0.5	-0.209250
6.700000	0.5	-0.219600
6.708333	0.5	-0.216400
6.716667	0.5	-0.212050
6.725000	0.5	-0.207900
6.733333	0.5	-0.200950
6.741667	0.5	-0.194500
6.750000	0.5	-0.185650
6.758333	0.5	-0.178950
6.766667	0.5	-0.181450
6.775000	0.5	-0.166950
6.783333	0.5	-0.172600
6.791667	0.5	-0.183700
6.800000	0.5	-0.189300
6.808333	0.5	-0.185900
6.816667	0.5	-0.182150
6.825000	0.5	-0.177400
6.833333	0.5	-0.169750
6.841667	0.5	-0.160800
6.850000	0.5	-0.150400
6.858333	0.5	-0.149450
6.866667	0.5	-0.143400
6.875000	0.5	-0.139500
6.883333	0.5	-0.151150
6.891667	0.5	-0.164500
6.900000	0.5	-0.160250
6.908333	0.5	-0.158100
6.916667	0.5	-0.153150
6.925000	0.5	-0.145350
6.933333	0.5	-0.139500
6.941667	0.5	-0.133500
6.950000	0.5	-0.126400
6.958333	0.5	-0.130550
6.966667	0.5	-0.117100
6.975000	0.5	-0.124250
6.983333	0.5	-0.135200
6.991667	0.5	-0.140200
7.000000	0.5	-0.137600
7.008333	0.5	-0.132750
7.016667	0.5	-0.127950
7.025000	0.5	-0.122450
7.033333	0.5	-0.113350
7.041667	0.5	-0.104000
7.050000	0.5	-0.102600
7.058333	0.5	-0.099350
7.066667	0.5	-0.092050
7.075000	0.5	-0.106550
7.083333	0.5	-0.118350
7.091667	0.5	-0.115550
7.100000	0.5	-0.112750
7.108333	0.5	-0.108500
7.116667	0.5	-0.101450
7.125000	0.5	-0.094750
7.133333	0.5	-0.088750
7.141667	0.5	-0.082700
7.150000	0.5	-0.083800
7.158333	0.5	-0.068450
7.166667	0.5	-0.078000
7.175000	0.5	-0.089300
7.183333	0.5	-0.094600
7.191667	0.5	-0.090250
7.200000	0.5	-0.086500
7.208333	0.5	-0.080800
7.216667	0.5	-0.073950
7.225000	0.5	-0.066800
7.233333	0.5	-0.056200
7.241667	0.5	-0.054600
7.250000	0.5	-0.049600
7.258333	0.5	-0.048400
7.266667	0.5	-0.059150
7.275000	0.5	-0.070300
7.283333	0.5	-0.068300
7.291667	0.5	-0.065650
7.300000	0.5	-0.061650
7.308333	0.5	-0.053800
7.316667	0.5	-0.046350
7.325000	0.5	-0.037450
7.333333	0.5	-0.033250
7.341667	0.5	-0.033350
7.350000	0.5	-0.019550
7.358333	0.5	-0.027250
7.366667	0.5	-0.039750
7.375000	0.5	-0.045800
7.383333	0.5	-0.039350
7.391667	0.5	-0.036350
7.400000	0.5	-0.032800
7.408333	0.5	-0.024900
7.416667	0.5	-0.017450
7.425000	0.5	-0.007350
7.433333	0.5	-0.007250
7.441667	0.5	-0.001100
7.450000	0.5	0.003050
7.458333	0.5	-0.009200
7.466667	0.5	-0.017650
7.475000	0.5	-0.016800
7.483333	0.5	-0.013200
7.491667	0.5	-0.007450
7.500000	0.5	-0.001700
7.508333	0.5	0.008650
7.516667	0.5	0.020550
7.525000	0.5	0.028000
7.533333	0.5	0.024550
7.541667	0.5	0.036300
7.550000	0.5	0.028550
7.558333	0.5	0.015850
7.566667	0.5	0.011750
7.575000	0.5	0.016300
7.583333	0.5	0.022800
7.591667	0.5	0.029650
7.600000	0.5	0.037300
7.608333	0.5	0.045700
7.616667	0.5	0.055300
7.625000	0.5	0.056100
7.633333	0.5	0.062200
7.641667	0.5	0.069550
7.650000	0.5	0.056950
7.658333	0.5	0.047750
7.666667	0.5	0.050950
7.675000	0.5	0.055050
7.683333	0.5	0.060050
7.691667	0.5	0.068250
7.700000	0.5	0.076450
7.708333	0.5	0.089100
7.716667	0.5	0.097000
7.725000	0.5	0.094700
7.733333	0.5	0.108200
7.741667	0.5	0.101600
7.750000	0.5	0.088100
7.758333	0.5	0.087000
7.766667	0.5	0.091700
7.775000	0.5	0.095350
7.783333	0.5	0.103500
7.791667	0.5	0.112700
7.800000	0.5	0.121800
7.808333	0.5	0.132950
7.816667	0.5	0.135350
7.825000	0.5	0.143150
7.833333	0.5	0.149150
7.841667	0.5	0.137000
7.850000	0.5	0.130000
7.858333	0.5	0.133900
7.866667	0.5	0.139950
7.875000	0.5	0.145600
7.883333	0.5	0.154200
7.891667	0.5	0.162800
7.900000	0.5	0.171950
7.908333	0.5	0.179400
7.916667	0.5	0.183050
7.925000	0.5	0.198500
7.933333	0.5	0.190850
7.941667	0.5	0.182900
7.950000	0.5	0.178950
7.958333	0.5	0.183900
7.966667	0.5	0.191750
7.975000	0.5	0.199700
7.983333	0.5	0.208950
7.991667	0.5	0.222400
8.000000	0.5	0.235100
8.008333	0.5	0.235400
8.016667	0.5	0.245500
8.025000	0.5	0.250000
8.033333	0.5	0.240250
8.041667	0.5	0.232850
8.050000	0.5	0.238900
8.058333	0.5	0.243600
8.066667	0.5	0.251350
8.075000	0.5	0.260950
8.083333	0.5	0.269450
8.091667	0.5	0.279650
8.100000	0.5	0.288000
8.108333	0.5	0.288350
8.116667	0.5	0.304100
8.125000	0.5	0.300650
8.133333	0.5	0.289950
8.141667	0.5	0.288350
8.150000	0.5	0.295700
8.158333	0.5	0.301050
8.166667	0.5	0.308600
8.175000	0.5	0.317550
8.183333	0.5	0.329450
8.191667	0.5	0.342250
8.200000	0.5	0.344100
8.208333	0.5	0.353150
8.216667	0.5	0.358400
8.225000	0.5	0.347850
8.233333	0.5	0.339600
8.241667	0.5	0.345050
8.250000	0.5	0.350700
8.258333	0.5	0.359000
8.266667	0.5	0.367350
8.275000	0.5	0.377550
8.283333	0.5	0.392500
8.291667	0.5	0.401950
8.300000	0.5	0.399100
8.308333	0.5	0.413700
8.316667	0.5	0.407000
8.325000	0.5	0.397300
8.333333	0.5	0.397700
8.341667	0.5	0.405150
8.350000	0.5	0.411400
8.358333	0.5	0.418800
8.366667	0.5	0.429450
8.375000	0.5	0.439900
8.383333	0.5	0.450600
8.391667	0.5	0.452700
8.400000	0.5	0.464900
8.408333	0.5	0.468800
8.416667	0.5	0.458900
8.425000	0.5	0.450150
8.433333	0.5	0.454600
8.441667	0.5	0.461100
8.450000	0.5	0.468650
8.458333	0.5	0.477650
8.466667	0.5	0.487250
8.475000	0.5	0.497050
8.483333	0.5	0.505000
8.491667	0.5	0.505600
8.500000	0.5	0.521400
8.508333	0.5	0.514350
8.516667	0.5	0.505600
8.525000	0.5	0.505900
8.533333	0.5	0.513150
8.541667	0.5	0.519750
8.550000	0.5	0.526950
8.558333	0.5	0.537250
8.566667	0.5	0.548200
8.575000	0.5	0.558500
8.583333	0.5	0.561250
8.591667	0.5	0.571000
8.600000	0.5	0.575800
8.608333	0.5	0.566700
8.616667	0.5	0.559350
8.625000	0.5	0.564800
8.633333	0.5	0.568950
8.641667	0.5	0.575550
8.650000	0.5	0.584550
8.658333	0.5	0.596650
8.666667	0.5	0.610050
8.675000	0.5	0.618100
8.683333	0.5	0.616350
8.691667	0.5	0.632250
8.700000	0.5	0.623900
8.708333	0.5	0.615400
8.716667	0.5	0.612150
8.725000	0.5	0.620700
8.733333	0.5	0.626500
8.741667	0.5	0.635900
8.750000	0.5	0.645400
8.758333	0.5	0.655700
8.766667	0.5	0.667200
8.775000	0.5	0.671300
8.783333	0.5	0.681250
8.791667	0.5	0.686100
8.800000	0.5	0.676700
8.808333	0.5	0.668050
8.816667	0.5	0.676150
8.825000	0.5	0.682550
8.833333	0.5	0.689500
8.841667	0.5	0.698050
8.850000	0.5	0.706700
8.858333	0.5	0.716900
8.866667	0.5	0.723900
8.875000	0.5	0.730100
8.883333	0.5	0.746850
8.891667	0.5	0.738750
8.900000	0.5	0.731750
8.908333	0.5	0.732450
8.916667	0.5	0.741900
8.925000	0.5	0.751650
8.933333	0.5	0.762300
8.941667	0.5	0.776650
8.950000	0.5	0.791150
8.958333	0.5	0.809600
8.966667	0.5	0.816700
8.975000	0.5	0.838300
8.983333	0.5	0.857450
8.991667	0.5	0.865500
9.000000	0.5	0.881150
9.008333	0.5	0.914350
9.016667	0.5	0.956600
9.025000	0.5	1.008850
9.033333	0.5	1.072850
9.041667	0.5	1.154700
9.050000	0.5	1.255250
9.058333	0.5	1.368050
9.066667	0.5	1.499200
9.075000	0.5	1.670100
9.083333	0.5	1.855200
9.091667	0.5	2.074700
9.100000	0.5	2.346850
9.108333	0.5	2.675200
9.116667	0.5	3.059200
9.125000	0.5	3.505250
9.133333	0.5	4.016800
9.141667	0.5	4.602150
9.150000	0.5	5.259550
9.158333	0.5	5.989150
9.166667	0.5	6.799300
9.175000	0.5	7.693650
9.183333	0.5	8.653750
9.191667	0.5	9.698650
9.200000	0.5	10.821750
9.208333	0.5	12.015500
9.216667	0.5	13.267850
9.225000	0.5	14.568050
9.233333	0.5	15.904000
9.241667	0.5	17.267850
9.250000	0.5	18.645750
9.258333	0.5	20.021700
9.266667	0.5	21.390900
9.275000	0.5	22.749750
9.283333	0.5	24.075600
9.291667	0.5	25.371000
9.300000	0.5	26.632550
9.308333	0.5	27.838600
9.316667	0.5	28.987150
9.325000	0.5	30.068600
9.333333	0.5	31.080250
9.341667	0.5	32.018450
9.350000	0.5	32.876200
9.358333	0.5	33.644951
9.366667	0.5	34.340251
9.375000	0.5	34.939951
9.383333	0.5	35.446701
9.391667	0.5	35.864351
9.400000	0.5	36.196901
9.408333	0.5	36.439701
9.416667	0.5	36.592701
9.425000	0.5	36.657251
9.433333	0.5	36.634351
9.441667	0.5	36.527901
9.450000	0.5	36.329351
9.458333	0.5	36.047051
9.466667	0.5	35.690001
9.475000	0.5	35.242501
9.483333	0.5	34.708101
9.491667	0.5	34.102151
9.500000	0.5	33.427700
9.508333	0.5	32.686100
9.516667	0.5	31.885200
9.525000	0.5	31.026950
9.533333	0.5	30.118900
9.541667	0.5	29.165150
9.550000	0.5	28.162650
9.558333	0.5	27.134550
9.566667	0.5	26.064050
9.575000	0.5	24.967800
9.583333	0.5	23.844750
9.591667	0.5	22.714400
9.600000	0.5	21.582750
9.608333	0.5	20.452350
9.616667	0.5	19.336750
9.625000	0.5	18.241550
9.633333	0.5	17.172000
9.641667	0.5	16.123150
9.650000	0.5	15.114150
9.658333	0.5	14.134500
9.666667	0.5	13.195500
9.675000	0.5	12.293400
9.683333	0.5	11.443100
9.691667	0.5	10.642250
9.700000	0.5	9.893050
9.708333	0.5	9.195700
9.716667	0.5	8.551800
9.725000	0.5	7.960050
9.733333	0.5	7.407000
9.741667	0.5	6.900700
9.750000	0.5	6.434050
9.758333	0.5	5.996650
9.766667	0.5	5.596450
9.775000	0.5	5.236150
9.783333	0.5	4.908350
9.791667	0.5	4.614200
9.800000	0.5	4.345750
9.808333	0.5	4.103950
9.816667	0.5	3.888550
9.825000	0.5	3.687450
9.833333	0.5	3.500100
9.841667	0.5	3.339400
9.850000	0.5	3.177150
9.858333	0.5	3.027150
9.866667	0.5	2.894550
9.875000	0.5	2.782050
9.883333	0.5	2.675350
9.891667	0.5	2.578300
9.900000	0.5	2.492450
9.908333	0.5	2.417300
9.916667	0.5	2.349350
9.925000	0.5	2.280600
9.933333	0.5	2.221150
9.941667	0.5	2.163400
9.950000	0.5	2.099900
9.958333	0.5	2.040900
9.966667	0.5	1.998350
9.975000	0.5	1.957250
9.983333	0.5	1.921900
9.991667	0.5	1.890650
10.000000	0.5	1.866150
10.008333	0.5	1.845050
10.016667	0.5	1.819350
10.025000	0.5	1.794250
10.033333	0.5	1.779650
10.041667	0.5	1.750200
10.050000	0.5	1.719600
10.058333	0.5	1.698000
10.066667	0.5	1.686900
10.075000	0.5	1.671950
10.083333	0.5	1.664350
10.091667	0.5	1.657100
10.100000	0.5	1.650300
10.108333	0.5	1.648150
10.116667	0.5	1.639350
10.125000	0.5	1.635950
10.133333	0.5	1.630350
10.141667	0.5	1.613050
10.150000	0.5	1.598950
10.158333	0.5	1.595850
10.166667	0.5	1.591850
10.175000	0.5	1.590300
10.183333	0.5	1.590000
10.191667	0.5	1.593800
10.200000	0.5	1.599300
10.208333	0.5	1.602200
10.216667	0.5	1.597750
10.225000	0.5	1.605700
10.233333	0.5	1.595950
10.241667	0.5	1.584050
10.250000	0.5	1.579650
10.258333	0.5	1.582400
10.266667	0.5	1.585000
10.275000	0.5	1.587850
10.283333	0.5	1.592850
10.291667	0.5	1.596950
10.300000	0.5	1.603400
10.308333	0.5	1.603650
10.316667	0.5	1.609950
10.325000	0.5	1.611300
10.333333	0.5	1.602950
10.341667	0.5	1.595750
10.350000	0.5	1.600600
10.358333	0.5	1.604200
10.366667	0.5	1.606600
10.375000	0.5	1.612600
10.383333	0.5	1.619900
10.391667	0.5	1.630800
10.400000	0.5	1.635700
10.408333	0.5	1.634500
10.416667	0.5	1.645250
10.425000	0.5	1.637650
10.433333	0.5	1.629550
10.441667	0.5	1.627500
10.450000	0.5	1.632400
10.458333	0.5	1.636000
10.466667	0.5	1.640950
10.475000	0.5	1.650450
10.483333	0.5	1.659900
10.491667	0.5	1.669600
10.500000	0.5	1.671700
10.508333	0.5	1.676100
10.516667	0.5	1.678850
10.525000	0.5	1.671950
10.533333	0.5	1.665850
10.541667	0.5	1.671100
10.550000	0.5	1.672100
10.558333	0.5	1.679100
10.566667	0.5	1.684750
10.575000	0.5	1.694150
10.583333	0.5	1.705400
10.591667	0.5	1.708750
10.600000	0.5	1.710650
10.608333	0.5	1.721500
10.616667	0.5	1.719350
10.625000	0.5	1.710350
10.633333	0.5	1.709000
10.641667	0.5	1.714350
10.650000	0.5	1.718500
10.658333	0.5	1.724050
10.666667	0.5	1.730850
10.675000	0.5	1.742150
10.683333	0.5	1.752600
10.691667	0.5	1.754600
10.700000	0.5	1.761200
10.708333	0.5	1.765000
10.716667	0.5	1.759000
10.725000	0.5	1.753600
10.733333	0.5	1.756850
10.741667	0.5	1.761400
10.750000	0.5	1.766300
10.758333	0.5	1.775200
10.766667	0.5	1.782700
10.775000	0.5	1.795100
10.783333	0.5	1.798450
10.791667	0.5	1.803500
10.800000	0.5	1.812550
10.808333	0.5	1.810800
10.816667	0.5	1.803500
10.825000	0.5	1.804750
10.833333	0.5	1.809450
10.841667	0.5	1.813650
10.850000	0.5	1.817800
10.858333	0.5	1.828650
10.866667	0.5	1.835500
10.875000	0.5	1.846100
10.883333	0.5	1.845150
10.891667	0.5	1.854000
10.900000	0.5	1.857950
10.908333	0.5	1.850550
10.916667	0.5	1.849200
10.925000	0.5	1.850850
10.933333	0.5	1.855450
10.941667	0.5	1.862450
10.950000	0.5	1.869450
10.958333	0.5	1.875850
10.966667	0.5	1.887000
10.975000	0.5	1.893250
10.983333	0.5	1.895000
10.991667	0.5	1.905150
11.000000	0.5	1.900850
11.008333	0.5	1.898000
11.016667	0.5	1.894700
11.025000	0.5	1.896650
11.033333	0.5	1.902850
11.041667	0.5	1.910500
11.050000	0.5	1.918150
11.058333	0.5	1.924100
11.066667	0.5	1.933100
11.075000	0.5	1.935300
11.083333	0.5	1.944100
11.091667	0.5	1.947100
11.100000	0.5	1.940900
11.108333	0.5	1.936000
11.116667	0.5	1.939000
11.125000	0.5	1.942800
11.133333	0.5	1.948050
11.141667	0.5	1.955050
11.150000	0.5	1.963000
11.158333	0.5	1.972650
11.166667	0.5	1.981100
11.175000	0.5	1.980750
11.183333	0.5	1.990150
11.191667	0.5	1.987350
11.200000	0.5	1.978800
11.208333	0.5	1.978350
11.216667	0.5	1.983250
11.225000	0.5	1.988750
11.233333	0.5	1.993950
11.241667	0.5	2.001300
11.250000	0.5	2.008750
11.258333	0.5	2.016300
11.266667	0.5	2.018600
11.275000	0.5	2.026650
11.283333	0.5	2.029750
11.291667	0.5	2.023500
11.300000	0.5	2.020050
11.308333	0.5	2.026700
11.316667	0.5	2.027400
11.325000	0.5	2.033750
11.333333	0.5	2.038250
11.341667	0.5	2.047000
11.350000	0.5	2.057000
11.358333	0.5	2.062650
11.366667	0.5	2.064250
11.375000	0.5	2.075650
11.383333	0.5	2.070700
11.391667	0.5	2.062550
11.400000	0.5	2.062050
11.408333	0.5	2.065450
11.416667	0.5	2.070050
11.425000	0.5	2.078400
11.433333	0.5	2.084350
11.441667	0.5	2.093550
11.450000	0.5	2.105150
11.458333	0.5	2.106600
11.466667	0.5	2.113850
11.475000	0.5	2.119000
11.483333	0.5	2.109450
11.491667	0.5	2.106700
11.500000	0.5	2.108600
11.508333	0.5	2.113700
11.516667	0.5	2.118050
11.525000	0.5	2.124100
11.533333	0.5	2.133700
11.541667	0.5	2.144100
11.550000	0.5	2.145800
11.558333	0.5	2.151300
11.566667	0.5	2.162350
11.575000	0.5	2.158950
11.583333	0.5	2.151550
11.591667	0.5	2.149400
11.600000	0.5	2.156000
11.608333	0.5	2.158400
11.616667	0.5	2.163850
11.625000	0.5	2.172600
11.633333	0.5	2.182600
11.641667	0.5	2.194900
11.650000	0.5	2.194200
11.658333	0.5	2.199750
11.666667	0.5	2.202750
11.675000	0.5	2.196250
11.683333	0.5	2.193100
11.691667	0.5	2.195950
11.700000	0.5	2.199650
11.708333	0.5	2.204750
11.716667	0.5	2.212950
11.725000	0.5	2.220350
11.733333	0.5	2.227450
11.741667	0.5	2.235300
11.750000	0.5	2.235400
11.758333	0.5	2.249500
11.766667	0.5	2.243850
11.775000	0.5	2.237450
11.783333	0.5	2.235850
11.791667	0.5	2.241750
11.800000	0.5	2.246250
11.808333	0.5	2.252050
11.816667	0.5	2.261100
11.825000	0.5	2.269800
11.833333	0.5	2.279250
11.841667	0.5	2.275950
11.850000	0.5	2.283200
11.858333	0.5	2.287550
11.866667	0.5	2.283450
11.875000	0.5	2.280350
11.883333	0.5	2.283600
11.891667	0.5	2.290850
11.900000	0.5	2.294450
11.908333	0.5	2.303800
11.916667	0.5	2.306400
11.925000	0.5	2.317200
11.933333	0.5	2.324100
11.941667	0.5	2.324700
11.950000	0.5	2.336550
11.958333	0.5	2.332650
11.966667	0.5	2.325800
11.975000	0.5	2.324850
11.983333	0.5	2.328750
11.991667	0.5	2.333950
12.000000	0.5	2.341100
12.008333	0.5	2.345500
12.016667	0.5	2.355100
12.025000	0.5	2.361750
12.033333	0.5	2.364950
12.041667	0.5	2.371300
12.050000	0.5	2.377300
12.058333	0.5	2.367750
12.066667	0.5	2.365050
12.075000	0.5	2.367200
12.083333	0.5	2.371200
12.091667	0.5	2.376150
12.100000	0.5	2.381000
12.108333	0.5	2.388750
12.116667	0.5	2.397450
12.125000	0.5	2.402600
12.133333	0.5	2.403050
12.141667	0.5	2.414450
12.150000	0.5	2.408500
12.158333	0.5	2.402950
12.166667	0.5	2.403000
12.175000	0.5	2.405550
12.183333	0.5	2.411250
12.191667	0.5	2.416700
12.200000	0.5	2.422800
12.208333	0.5	2.431250
12.216667	0.5	2.437600
12.225000	0.5	2.441300
12.233333	0.5	2.448150
12.241667	0.5	2.450800
12.250000	0.5	2.448700
12.258333	0.5	2.441050
12.266667	0.5	2.447850
12.275000	0.5	2.451450
12.283333	0.5	2.455150
12.291667	0.5	2.463650
12.300000	0.5	2.468900
12.308333	0.5	2.479450
12.316667	0.5	2.484550
12.325000	0.5	2.486750
12.333333	0.5	2.497250
12.341667	0.5	2.496500
12.350000	0.5	2.489100
12.358333	0.5	2.490200
12.366667	0.5	2.493400
12.375000	0.5	2.498450
12.383333	0.5	2.504700
12.391667	0.5	2.510850
12.400000	0.5	2.520050
12.408333	0.5	2.527800
12.416667	0.5	2.532350
12.425000	0.5	2.536650
12.433333	0.5	2.540350
12.441667	0.5	2.534350
12.450000	0.5	2.530900
12.458333	0.5	2.532200
12.466667	0.5	2.538600
12.475000	0.5	2.543150
12.483333	0.5	2.549950
12.491667	0.5	2.557550
12.500000	0.5	2.566800
12.508333	0.5	2.569500
12.516667	0.5	2.571550
12.525000	0.5	2.582300
12.533333	0.5	2.578650
12.541667	0.5	2.573700
12.550000	0.5	2.571500
12.558333	0.5	2.577700
12.566667	0.5	2.582850
12.575000	0.5	2.588200
12.583333	0.5	2.593850
12.591667	0.5	2.597250
12.600000	0.5	2.609800
12.608333	0.5	2.608450
12.616667	0.5	2.615950
12.625000	0.5	2.621100
12.633333	0.5	2.615500
12.641667	0.5	2.611800
12.650000	0.5	2.615900
12.658333	0.5	2.618650
12.666667	0.5	2.621950
12.675000	0.5	2.627600
12.683333	0.5	2.635950
12.691667	0.5	2.644100
12.700000	0.5	2.648750
12.708333	0.5	2.649100
12.716667	0.5	2.660200
12.725000	0.5	2.656150
12.733333	0.5	2.652000
12.741667	0.5	2.651550
12.750000	0.5	2.655400
12.758333	0.5	2.659950
12.766667	0.5	2.663450
12.775000	0.5	2.668550
12.783333	0.5	2.675500
12.791667	0.5	2.680700
12.800000	0.5	2.682450
12.808333	0.5	2.689700
12.816667	0.5	2.696200
12.825000	0.5	2.691000
12.833333	0.5	2.686000
12.841667	0.5	2.691150
12.850000	0.5	2.695850
12.858333	0.5	2.699900
12.866667	0.5	2.705200
12.875000	0.5	2.712300
12.883333	0.5	2.723100
12.891667	0.5	2.727350
12.900000	0.5	2.728150
12.908333	0.5	2.735600
12.916667	0.5	2.732850
12.925000	0.5	2.728600
12.933333	0.5	2.728950
12.941667	0.5	2.731200
12.950000	0.5	2.738700
12.958333	0.5	2.742000
12.966667	0.5	2.748900
12.975000	0.5	2.754250
12.983333	0.5	2.760750
12.991667	0.5	2.762500
13.000000	0.5	2.768850
13.008333	0.5	2.775450
13.016667	0.5	2.766400
13.025000	0.5	2.764150
13.033333	0.5	2.769050
13.041667	0.5	2.772200
13.050000	0.5	2.774750
13.058333	0.5	2.778950
13.066667	0.5	2.785550
13.075000	0.5	2.793400
13.083333	0.5	2.796850
13.091667	0.5	2.799100
13.100000	0.5	2.809450
13.108333	0.5	2.803150
13.116667	0.5	2.801550
13.125000	0.5	2.799400
13.133333	0.5	2.804000
13.141667	0.5	2.805850
13.150000	0.5	2.807750
13.158333	0.5	2.813350
13.166667	0.5	2.823950
13.175000	0.5	2.831400
13.183333	0.5	2.832650
13.191667	0.5	2.838150
13.200000	0.5	2.840250
13.208333	0.5	2.835850
13.216667	0.5	2.829400
13.225000	0.5	2.835700
13.233333	0.5	2.837150
13.241667	0.5	2.839250
13.250000	0.5	2.844300
13.258333	0.5	2.851150
13.266667	0.5	2.857950
13.275000	0.5	2.864500
13.283333	0.5	2.865800
13.291667	0.5	2.873150
13.300000	0.5	2.870550
13.308333	0.5	2.864900
13.316667	0.5	2.863200
13.325000	0.5	2.866000
13.333333	0.5	2.869500
13.341667	0.5	2.870500
13.350000	0.5	2.876750
13.358333	0.5	2.884050
13.366667	0.5	2.890750
13.375000	0.5	2.890500
13.383333	0.5	2.896300
13.391667	0.5	2.898650
13.400000	0.5	2.893650
13.408333	0.5	2.889700
13.416667	0.5	2.890650
13.425000	0.5	2.894150
13.433333	0.5	2.895250
13.441667	0.5	2.902500
13.450000	0.5	2.908250
13.458333	0.5	2.915100
13.466667	0.5	2.917200
13.475000	0.5	2.917050
13.483333	0.5	2.927350
13.491667	0.5	2.924850
13.500000	0.5	2.917050
13.508333	0.5	2.913800
13.516667	0.5	2.918200
13.525000	0.5	2.922200
13.533333	0.5	2.924150
13.541667	0.5	2.927400
13.550000	0.5	2.939200
13.558333	0.5	2.944300
13.566667	0.5	2.945050
13.575000	0.5	2.951250
13.583333	0.5	2.953300
13.591667	0.5	2.947250
13.600000	0.5	2.943800
13.608333	0.5	2.948150
13.616667	0.5	2.947900
13.625000	0.5	2.954100
13.633333	0.5	2.958550
13.641667	0.5	2.963350
13.650000	0.5	2.969050
13.658333	0.5	2.974800
13.666667	0.5	2.976750
13.675000	0.5	2.985800
13.683333	0.5	2.983200
13.691667	0.5	2.974850
13.700000	0.5	2.973500
13.708333	0.5	2.979050
13.716667	0.5	2.982200
13.725000	0.5	2.985300
13.733333	0.5	2.991350
13.741667	0.5	2.997350
13.750000	0.5	3.004200
13.758333	0.5	3.006150
13.766667	0.5	3.011850
13.775000	0.5	3.017500
13.783333	0.5	3.012200
13.791667	0.5	3.006150
13.800000	0.5	3.011650
13.808333	0.5	3.011200
13.816667	0.5	3.016250
13.825000	0.5	3.020250
13.833333	0.5	3.026450
13.841667	0.5	3.035550
13.850000	0.5	3.042500
13.858333	0.5	3.043550
13.866667	0.5	3.051100
13.875000	0.5	3.050950
13.883333	0.5	3.047100
13.891667	0.5	3.044750
13.900000	0.5	3.050400
13.908333	0.5	3.051700
13.916667	0.5	3.056150
13.925000	0.5	3.060500
13.933333	0.5	3.068700
13.941667	0.5	3.073100
13.950000	0.5	3.075700
13.958333	0.5	3.081800
13.966667	0.5	3.086950
13.975000	0.5	3.081950
13.983333	0.5	3.078900
13.991667	0.5	3.081050
14.000000	0.5	3.084350
14.008333	0.5	3.084900
14.016667	0.5	3.091850
14.025000	0.5	3.099200
14.033333	0.5	3.103650
14.041667	0.5	3.107750
14.050000	0.5	3.111000
14.058333	0.5	3.118300
14.066667	0.5	3.119350
14.075000	0.5	3.113550
14.083333	0.5	3.111450
14.091667	0.5	3.114550
14.100000	0.5	3.116850
14.108333	0.5	3.119850
14.116667	0.5	3.126300
14.125000	0.5	3.131350
14.133333	0.5	3.141150
14.141667	0.5	3.142650
14.150000	0.5	3.145850
14.158333	0.5	3.150800
14.166667	0.5	3.146050
14.175000	0.5	3.142850
14.183333	0.5	3.148750
14.191667	0.5	3.148150
14.200000	0.5	3.151950
14.208333	0.5	3.156650
14.216667	0.5	3.163000
14.225000	0.5	3.171500
14.233333	0.5	3.173100
14.241667	0.5	3.175400
14.250000	0.5	3.184250
14.258333	0.5	3.183500
14.266667	0.5	3.177400
14.275000	0.5	3.177850
14.283333	0.5	3.180800
14.291667	0.5	3.182600
14.300000	0.5	3.188000
14.308333	0.5	3.194750
14.316667	0.5	3.199250
14.325000	0.5	3.206400
14.333333	0.5	3.205900
14.341667	0.5	3.213650
14.350000	0.5	3.217800
14.358333	0.5	3.213900
14.366667	0.5	3.208550
14.375000	0.5	3.213800
14.383333	0.5	3.213400
14.391667	0.5	3.217000
14.400000	0.5	3.221150
14.408333	0.5	3.226300
14.416667	0.5	3.233400
14.425000	0.5	3.240350
14.433333	0.5	3.241150
14.441667	0.5	3.251400
14.450000	0.5	3.246450
14.458333	0.5	3.242600
14.466667	0.5	3.240850
14.475000	0.5	3.244750
14.483333	0.5	3.245650
14.491667	0.5	3.250000
14.500000	0.5	3.256550
14.508333	0.5	3.260100
14.516667	0.5	3.266950
14.525000	0.5	3.266900
14.533333	0.5	3.272200
14.541667	0.5	3.276650
14.550000	0.5	3.271200
14.558333	0.5	3.269450
14.566667	0.5	3.272450
14.575000	0.5	3.277050
14.583333	0.5	3.278250
14.591667	0.5	3.283650
14.600000	0.5	3.287750
14.608333	0.5	3.295100
14.616667	0.5	3.299050
14.625000	0.5	3.302350
14.633333	0.5	3.307050
14.641667	0.5	3.306900
14.650000	0.5	3.302500
14.658333	0.5	3.302700
14.666667	0.5	3.306350
14.675000	0.5	3.308650
14.683333	0.5	3.312000
14.691667	0.5	3.318950
14.700000	0.5	3.324750
14.708333	0.5	3.327450
14.716667	0.5	3.329100
14.725000	0.5	3.338950
14.733333	0.5	3.342200
14.741667	0.5	3.336500
14.750000	0.5	3.330950
14.758333	0.5	3.333550
14.766667	0.5	3.337100
14.775000	0.5	3.343700
14.783333	0.5	3.345800
14.791667	0.5	3.350650
14.800000	0.5	3.354950
14.808333	0.5	3.361750
14.816667	0.5	3.364450
14.825000	0.5	3.369950
